=============================================
NJastrowIdx        120
ComplexType          0
=============================================
=============================================
    0      1      0
    0      2      1
    0      3      3
    0      4      6
    0      5     10
    0      6     15
    0      7     21
    0      8     28
    0      9     36
    0     10     45
    0     11     55
    0     12     66
    0     13     78
    0     14     91
    0     15    105
    1      0      0
    1      2      2
    1      3      4
    1      4      7
    1      5     11
    1      6     16
    1      7     22
    1      8     29
    1      9     37
    1     10     46
    1     11     56
    1     12     67
    1     13     79
    1     14     92
    1     15    106
    2      0      1
    2      1      2
    2      3      5
    2      4      8
    2      5     12
    2      6     17
    2      7     23
    2      8     30
    2      9     38
    2     10     47
    2     11     57
    2     12     68
    2     13     80
    2     14     93
    2     15    107
    3      0      3
    3      1      4
    3      2      5
    3      4      9
    3      5     13
    3      6     18
    3      7     24
    3      8     31
    3      9     39
    3     10     48
    3     11     58
    3     12     69
    3     13     81
    3     14     94
    3     15    108
    4      0      6
    4      1      7
    4      2      8
    4      3      9
    4      5     14
    4      6     19
    4      7     25
    4      8     32
    4      9     40
    4     10     49
    4     11     59
    4     12     70
    4     13     82
    4     14     95
    4     15    109
    5      0     10
    5      1     11
    5      2     12
    5      3     13
    5      4     14
    5      6     20
    5      7     26
    5      8     33
    5      9     41
    5     10     50
    5     11     60
    5     12     71
    5     13     83
    5     14     96
    5     15    110
    6      0     15
    6      1     16
    6      2     17
    6      3     18
    6      4     19
    6      5     20
    6      7     27
    6      8     34
    6      9     42
    6     10     51
    6     11     61
    6     12     72
    6     13     84
    6     14     97
    6     15    111
    7      0     21
    7      1     22
    7      2     23
    7      3     24
    7      4     25
    7      5     26
    7      6     27
    7      8     35
    7      9     43
    7     10     52
    7     11     62
    7     12     73
    7     13     85
    7     14     98
    7     15    112
    8      0     28
    8      1     29
    8      2     30
    8      3     31
    8      4     32
    8      5     33
    8      6     34
    8      7     35
    8      9     44
    8     10     53
    8     11     63
    8     12     74
    8     13     86
    8     14     99
    8     15    113
    9      0     36
    9      1     37
    9      2     38
    9      3     39
    9      4     40
    9      5     41
    9      6     42
    9      7     43
    9      8     44
    9     10     54
    9     11     64
    9     12     75
    9     13     87
    9     14    100
    9     15    114
   10      0     45
   10      1     46
   10      2     47
   10      3     48
   10      4     49
   10      5     50
   10      6     51
   10      7     52
   10      8     53
   10      9     54
   10     11     65
   10     12     76
   10     13     88
   10     14    101
   10     15    115
   11      0     55
   11      1     56
   11      2     57
   11      3     58
   11      4     59
   11      5     60
   11      6     61
   11      7     62
   11      8     63
   11      9     64
   11     10     65
   11     12     77
   11     13     89
   11     14    102
   11     15    116
   12      0     66
   12      1     67
   12      2     68
   12      3     69
   12      4     70
   12      5     71
   12      6     72
   12      7     73
   12      8     74
   12      9     75
   12     10     76
   12     11     77
   12     13     90
   12     14    103
   12     15    117
   13      0     78
   13      1     79
   13      2     80
   13      3     81
   13      4     82
   13      5     83
   13      6     84
   13      7     85
   13      8     86
   13      9     87
   13     10     88
   13     11     89
   13     12     90
   13     14    104
   13     15    118
   14      0     91
   14      1     92
   14      2     93
   14      3     94
   14      4     95
   14      5     96
   14      6     97
   14      7     98
   14      8     99
   14      9    100
   14     10    101
   14     11    102
   14     12    103
   14     13    104
   14     15    119
   15      0    105
   15      1    106
   15      2    107
   15      3    108
   15      4    109
   15      5    110
   15      6    111
   15      7    112
   15      8    113
   15      9    114
   15     10    115
   15     11    116
   15     12    117
   15     13    118
   15     14    119
    0      1
    1      1
    2      1
    3      1
    4      1
    5      1
    6      1
    7      1
    8      1
    9      1
   10      1
   11      1
   12      1
   13      1
   14      1
   15      1
   16      1
   17      1
   18      1
   19      1
   20      1
   21      1
   22      1
   23      1
   24      1
   25      1
   26      1
   27      1
   28      1
   29      1
   30      1
   31      1
   32      1
   33      1
   34      1
   35      1
   36      1
   37      1
   38      1
   39      1
   40      1
   41      1
   42      1
   43      1
   44      1
   45      1
   46      1
   47      1
   48      1
   49      1
   50      1
   51      1
   52      1
   53      1
   54      1
   55      1
   56      1
   57      1
   58      1
   59      1
   60      1
   61      1
   62      1
   63      1
   64      1
   65      1
   66      1
   67      1
   68      1
   69      1
   70      1
   71      1
   72      1
   73      1
   74      1
   75      1
   76      1
   77      1
   78      1
   79      1
   80      1
   81      1
   82      1
   83      1
   84      1
   85      1
   86      1
   87      1
   88      1
   89      1
   90      1
   91      1
   92      1
   93      1
   94      1
   95      1
   96      1
   97      1
   98      1
   99      1
  100      1
  101      1
  102      1
  103      1
  104      1
  105      1
  106      1
  107      1
  108      1
  109      1
  110      1
  111      1
  112      1
  113      1
  114      1
  115      1
  116      1
  117      1
  118      1
  119      1
